i,j,w
0,1,0.6086358859372909
0,3,0.5082954516833085
0,4,0.4835192354754184
0,5,0.5805190181968406
0,6,0.5632721011520929
0,7,0.5873875144662759
0,8,0.5454766108914153
0,9,0.4046369934959432
0,10,0.6242349520829638
0,11,0.5912657953320504
0,12,0.47863007698358245
0,13,0.6355391311273153
0,14,0.4322933948326158
0,16,0.5015428197470977
0,17,0.5275613613924915
0,18,0.45750694223159766
0,20,0.4862241528999346
0,21,0.35360494938137943
0,22,0.5563126301680699
0,23,0.34804422505091037
0,24,0.3393305692962594
0,25,0.5423059935294231
0,27,0.6751951822011111
0,29,0.3550669254442292
0,31,0.4850052613816173
0,32,0.45385774384576044
0,34,0.5576063728311579
0,35,0.37208379760202803
0,36,0.4941097211266038
0,38,0.5243341541243584
0,39,0.35320575333484416
0,41,0.34990753939534425
0,42,0.5258604734910023
0,43,0.3345704688865896
0,44,0.39652084043395364
0,46,0.5826546634407014
0,47,0.5078773336909246
0,48,0.36821734250450233
0,49,0.41850145756108653
0,51,0.4306540318813227
0,52,0.5185418455494638
0,54,0.7377700378230121
0,56,0.3631934684522675
0,57,0.37278065754050344
0,58,0.5751388055814598
0,59,0.4032786103911371
1,2,0.40266492783539726
1,3,0.6905842487817994
1,5,0.7665263384604766
1,6,0.6907276956771989
1,7,0.7236899544604194
1,8,0.6968237909319392
1,9,0.5015917208490507
1,10,0.854051189320659
1,11,0.7810217491928433
1,12,0.33391162787693296
1,13,0.5646035086544946
1,14,0.4193619400393324
1,16,0.6359324521483031
1,17,0.4292373830878144
1,18,0.5380525312957317
1,19,0.35480350888664797
1,20,0.5777960787036288
1,22,0.65877912780936
1,23,0.34996282308930265
1,25,0.5703243080733857
1,26,0.3784394108425908
1,27,0.7264798375257858
1,29,0.37791853679868675
1,30,0.4378045314683287
1,31,0.5665839152984883
1,32,0.6499554421315054
1,33,0.5724172738971597
1,34,0.7001269330703683
1,35,0.5314824200277649
1,36,0.6371589356148184
1,37,0.37035233048654087
1,38,0.6388626076459183
1,40,0.43033080398512785
1,42,0.599424206869147
1,43,0.424459006584785
1,44,0.48957259469999576
1,45,0.43461480521133566
1,46,0.6764127022327387
1,47,0.5739166390509236
1,48,0.4454270944450889
1,49,0.5210518102446167
1,51,0.6724808166783638
1,52,0.6165061890850723
1,53,0.46688704722109264
1,54,0.7176952303662922
1,56,0.4566585140406593
1,57,0.4819852294718396
1,58,0.7979155567091262
1,59,0.3692037565474852
2,3,0.5087374331531282
2,5,0.42643474761063477
2,6,0.48881301456231385
2,7,0.45206065772191123
2,8,0.5897125919131059
2,9,0.6353386326333096
2,10,0.46762350066157543
2,11,0.5209515853845466
2,12,0.3776730897591348
2,13,0.4069140452628196
2,14,0.4138217274746322
2,18,0.4800132761961231
2,20,0.3989473081143315
2,22,0.3961532944680116
2,23,0.3830526608975996
2,25,0.42120814911288007
2,27,0.3030151776671246
2,30,0.5077652404915061
2,32,0.3814342533327668
2,33,0.35229155000849594
2,34,0.34476565541725246
2,35,0.34627698604462936
2,36,0.3823725373197473
2,38,0.3655780970032739
2,39,0.3032365155076132
2,43,0.337021037289557
2,46,0.38066871984447775
2,47,0.36096337895629194
2,48,0.3442538429290284
2,50,0.35902299774164753
2,51,0.42219367983973766
2,52,0.5645277526790078
2,54,0.5285256796561563
2,57,0.47326958978124667
2,58,0.5777565073217764
2,59,0.3281641535366728
3,4,0.47006157655957775
3,5,0.6626988581075979
3,6,0.8027899691677747
3,7,0.7252989240555193
3,8,0.7081378442763954
3,9,0.5841903634941981
3,10,0.7699083449058288
3,11,0.692983491858319
3,12,0.3483364565814086
3,13,0.4848608343881956
3,14,0.5986888169613872
3,16,0.5840877841362009
3,17,0.46751553526521455
3,18,0.5942311940838703
3,19,0.40762180703490175
3,20,0.514722115327426
3,22,0.7631249499934729
3,23,0.514775827704141
3,25,0.5616433976064633
3,26,0.36214714541223075
3,27,0.5579113864598069
3,29,0.37804658962366755
3,30,0.4250716013267398
3,31,0.5677692258906447
3,32,0.6361688348010249
3,33,0.47049322043231323
3,34,0.6127837279829286
3,35,0.45424197339462724
3,36,0.6073597269066313
3,38,0.6606622932825227
3,40,0.32741251381378783
3,42,0.5663861176966608
3,43,0.3884982800163946
3,44,0.44251040860562113
3,45,0.5146290378112545
3,46,0.6668902977194746
3,47,0.6230526961720163
3,48,0.6462907528924339
3,49,0.4991814079402791
3,51,0.607463604263065
3,52,0.6581672221885217
3,53,0.3730328095052431
3,54,0.7129751363327175
3,56,0.41790020063469935
3,57,0.4995726500774691
3,58,0.7300244638727842
3,59,0.38802202192977303
4,6,0.5290022666915286
4,7,0.5177875715045395
4,8,0.4554402892749004
4,9,0.3832949098547628
4,10,0.44670236017832665
4,11,0.5113115920447641
4,12,0.3681260231646672
4,13,0.4721252924006247
4,14,0.49113819460704217
4,16,0.32290130817869206
4,17,0.44472500579915236
4,18,0.3007282324551398
4,19,0.3977223010888873
4,22,0.46440169455552865
4,23,0.43080783756105795
4,24,0.31635697102518967
4,25,0.5673523182422501
4,27,0.44946194389690586
4,31,0.4616686558416126
4,33,0.3871528724947144
4,34,0.4341062513814674
4,35,0.44104871005485935
4,36,0.33782771632555
4,37,0.3272950007387467
4,38,0.36746495970811904
4,39,0.33938393487805507
4,40,0.30540773126701865
4,41,0.30551468903698514
4,42,0.48665016387786764
4,43,0.3168400302839878
4,46,0.48967516565620495
4,47,0.39577359222499126
4,48,0.5247722284088229
4,51,0.42834656498852547
4,52,0.48716555982304444
4,54,0.3375214271359355
4,56,0.35433230396627813
4,57,0.3600813468470383
4,58,0.32053501569151077
4,59,0.47718159496420015
5,6,0.6630271754489814
5,7,0.6729635795081843
5,8,0.6422184395477915
5,9,0.5145888645433204
5,10,0.7225592765335835
5,11,0.648890086289974
5,12,0.4359641215391299
5,13,0.45240455799570967
5,14,0.3167492881220887
5,16,0.45993787412036197
5,17,0.41853801857958717
5,18,0.45068444870336144
5,20,0.4182723453862291
5,22,0.6880119906232329
5,23,0.30658617892579887
5,25,0.46283470877976296
5,26,0.3246961064132885
5,27,0.6007804491381648
5,30,0.4328227950862279
5,31,0.47366443246348533
5,32,0.569734898258509
5,33,0.4422871236979931
5,34,0.5503601826376607
5,35,0.360487996456195
5,36,0.5413617729433112
5,38,0.550379180144284
5,42,0.45597965538523194
5,43,0.3354916025903609
5,44,0.45913378063541427
5,45,0.3407985991534895
5,46,0.5220045741701599
5,47,0.48101945158679543
5,48,0.347672426872198
5,49,0.43560061249239096
5,51,0.4992400432015197
5,52,0.5876744933362195
5,53,0.36788294257086784
5,54,0.7165510337492927
5,56,0.32645757212683507
5,57,0.5240328470631892
5,58,0.7216388253342668
5,59,0.3029460301832225
6,7,0.7716517714589812
6,8,0.7101025094845509
6,9,0.5546549366764801
6,10,0.8262821643596151
6,11,0.736421265763413
6,12,0.5191986474257817
6,13,0.5547045755606554
6,14,0.5011848083706091
6,16,0.6212185336033536
6,17,0.5333951391862936
6,18,0.5565141676499398
6,19,0.3059722850685645
6,20,0.52350362934774
6,22,0.7485366659518694
6,23,0.5016184056718118
6,25,0.6019612346753604
6,26,0.4392181881499116
6,27,0.6839207537113182
6,28,0.3396749874829796
6,29,0.4719791727301774
6,30,0.4426949179480094
6,31,0.5201113793829484
6,32,0.7166581740266329
6,33,0.5172473747015155
6,34,0.6739330603936439
6,35,0.5694900051549946
6,36,0.7055852312754181
6,37,0.37334927199492557
6,38,0.6529152475410248
6,40,0.41754868808490664
6,42,0.5863751357250427
6,43,0.3727274009358548
6,44,0.6222376252921509
6,45,0.5149312731100745
6,46,0.7589304682999148
6,47,0.6367692206040853
6,48,0.6189400739761248
6,49,0.5617654764353208
6,51,0.7019410812348575
6,52,0.6593200577093574
6,53,0.40444084573579686
6,54,0.7164227750893438
6,56,0.49876682466347955
6,57,0.4484600571805033
6,58,0.7381294133458476
6,59,0.4937494938937571
7,8,0.7149671383673487
7,9,0.7369947921860838
7,10,0.8070497755586516
7,11,0.7199752496468385
7,12,0.5570262921404524
7,13,0.5498976387371975
7,14,0.45697218536321
7,15,0.45298298072229964
7,16,0.5643512952867104
7,17,0.5455597730915622
7,18,0.5542782724220986
7,19,0.42592988731273107
7,20,0.5187447888132969
7,22,0.7088359169767645
7,23,0.3843510316405745
7,25,0.636499968503382
7,26,0.41363205161263233
7,27,0.6395792072143837
7,29,0.37394129723576447
7,30,0.570987665217779
7,31,0.566472760673851
7,32,0.697411938636257
7,33,0.5495637835590442
7,34,0.7248349443152264
7,35,0.5419539731609402
7,36,0.7272688079545403
7,37,0.4084033226381357
7,38,0.7037278870681009
7,39,0.35607226202412573
7,40,0.4061095398495168
7,42,0.6469703095255325
7,43,0.3982397882975996
7,44,0.6225579112700859
7,45,0.6103810690506376
7,46,0.8135972138364577
7,47,0.7176639098791533
7,48,0.5445116523638976
7,49,0.5767744260942207
7,50,0.31508804982823463
7,51,0.7103919686655914
7,52,0.7669597719814752
7,53,0.4507715409326759
7,54,0.7117018909489147
7,56,0.548574431833979
7,57,0.530957203834921
7,58,0.7791530228408586
7,59,0.544621394631017
8,9,0.6088519363834287
8,10,0.7301394804900496
8,11,0.6878470892039621
8,12,0.3710802045844841
8,13,0.5471675510284595
8,14,0.33463547806294147
8,16,0.5701933257811641
8,17,0.3819300776932897
8,18,0.6956596786504713
8,19,0.4833650925280571
8,20,0.5275171222329355
8,22,0.6213043665207546
8,23,0.47368582776589885
8,24,0.42139080681553603
8,25,0.6739120959527213
8,26,0.34550141432852344
8,27,0.5782953464576168
8,28,0.3072601634737689
8,29,0.3889411577124536
8,30,0.5020651619252823
8,31,0.5761540680922259
8,32,0.5295743625236674
8,33,0.5504859157580626
8,34,0.5519168965403812
8,35,0.6033736620682262
8,36,0.5683571343258056
8,37,0.46199468613020894
8,38,0.5664433882176201
8,39,0.4287006698871152
8,40,0.5103089595270053
8,42,0.5807751058191343
8,43,0.49198733514064436
8,44,0.4195779551095985
8,45,0.4603086784071102
8,46,0.6720428640036085
8,47,0.5434136768352483
8,48,0.5301988244560651
8,49,0.4346784117911914
8,50,0.3153192915637921
8,51,0.6268680506481852
8,52,0.7233128627649388
8,53,0.325406075399124
8,54,0.6974324570691536
8,55,0.35950877936283976
8,56,0.44332454140968997
8,57,0.5498419379116658
8,58,0.7863850863417678
8,59,0.40104308936594757
9,10,0.5655939691553893
9,11,0.577008300967738
9,12,0.47954168821486637
9,13,0.504417138923054
9,14,0.457018792703569
9,16,0.3260891507859785
9,17,0.37521679503883837
9,18,0.5833184760498792
9,19,0.3216953353011265
9,20,0.5025040573898516
9,22,0.5537129274622467
9,25,0.4843683689176942
9,26,0.3775812578588205
9,27,0.36418328776694364
9,29,0.36634040952624713
9,30,0.5151870352050922
9,31,0.48667062858394267
9,32,0.47024729660907993
9,33,0.3674583572176051
9,34,0.49125552346431184
9,35,0.41642225405940203
9,36,0.4782899855857041
9,38,0.47247036676948956
9,39,0.31899092411957036
9,42,0.35457671896948467
9,44,0.33910835200713757
9,45,0.4326463003610096
9,46,0.500158093814862
9,47,0.5355302445618919
9,48,0.5248846607623021
9,49,0.4097852369367308
9,50,0.3277236726988196
9,51,0.4739701208465314
9,52,0.6555066454633783
9,54,0.6670530235637003
9,55,0.3172576118121869
9,57,0.5940251603419108
9,58,0.701883781322928
9,59,0.535755367358424
10,11,0.7459767315857682
10,12,0.5328707610619052
10,13,0.6787415661705114
10,14,0.4679456825658832
10,15,0.35649425051494604
10,16,0.6935497306041574
10,17,0.5142222229402098
10,18,0.6410327037280218
10,19,0.4693297456162223
10,20,0.6866059459033427
10,22,0.6858593616496859
10,23,0.5180545941613375
10,24,0.32030882420665313
10,25,0.6625018022516523
10,26,0.5193078035469973
10,27,0.7312954728293204
10,28,0.42155151693287296
10,29,0.45905337676658087
10,30,0.4732195709591182
10,31,0.6494030056782978
10,32,0.7627457004059097
10,33,0.6312176814384074
10,34,0.7841443565580136
10,35,0.5820883105710682
10,36,0.7273595772805426
10,37,0.42531668776262593
10,38,0.7252536934211253
10,39,0.35532659844226366
10,40,0.5247032299204739
10,42,0.6493465759374181
10,43,0.5033648453726473
10,44,0.630903611590433
10,45,0.5709828278030973
10,46,0.8274211387945889
10,47,0.6425337467875502
10,48,0.5680333642174527
10,49,0.5920414208378547
10,51,0.7396550987222479
10,52,0.6724101889726953
10,53,0.38487834268099924
10,54,0.7077147394932636
10,56,0.47429091537720375
10,57,0.5851456467652911
10,58,0.7840730059847407
10,59,0.434256555136537
11,12,0.32408784410319674
11,13,0.6195608837309055
11,14,0.4582702550359971
11,16,0.5475507618622494
11,17,0.43493891064892365
11,18,0.48763419777145917
11,20,0.5380925820481498
11,22,0.6683744848965697
11,23,0.3895529207559213
11,25,0.5507852940325025
11,26,0.3436827392939497
11,27,0.7176118734733629
11,29,0.31185167743714043
11,30,0.4083813246225374
11,31,0.48703187715004553
11,32,0.5989647963036214
11,33,0.4791467210298753
11,34,0.7046110353429685
11,35,0.4394212437535746
11,36,0.6084427587733372
11,38,0.6303377224695635
11,40,0.44073683208714987
11,42,0.5584127428466196
11,43,0.3205975640751826
11,44,0.4368452192248805
11,45,0.3654553081911815
11,46,0.6777188130809934
11,47,0.5596063879330303
11,48,0.4538450256054408
11,49,0.4950799719090341
11,51,0.6585662972449008
11,52,0.6195679360932604
11,53,0.3075816835316364
11,54,0.6997200118621114
11,56,0.39416628569808587
11,57,0.48701520845089885
11,58,0.7088433590003409
11,59,0.4361512370234909
12,13,0.39086966647387034
12,14,0.40031498756311656
12,15,0.3505173892778016
12,16,0.31153910352408076
12,17,0.41681172562540364
12,18,0.40497356838645104
12,20,0.3824437786681082
12,22,0.4708118518771095
12,25,0.3877814170491115
12,26,0.3459041032527131
12,27,0.41998604063602724
12,31,0.42140624967366497
12,32,0.4956756641452233
12,33,0.3802482432665784
12,34,0.4906707100276303
12,35,0.30761247991778284
12,36,0.48645040003891243
12,38,0.4574122179803518
12,40,0.33898313117943263
12,42,0.3418815311636121
12,44,0.47048186167531214
12,45,0.3584298811860781
12,46,0.5245565288694164
12,47,0.42067193673988673
12,48,0.375625745962254
12,49,0.37793902459606904
12,50,0.323232752336236
12,51,0.5005310218175687
12,52,0.4680731751050583
12,54,0.46574911436787675
12,56,0.34168661350059193
12,57,0.4223867662390968
12,58,0.4235669236230859
12,59,0.42113721799816295
13,14,0.3275032891775627
13,16,0.4772803506884425
13,17,0.4936079590096789
13,18,0.5157030007574848
13,19,0.42426960500474353
13,20,0.5225400368084835
13,21,0.3684254582777498
13,22,0.5086408911500993
13,23,0.44386512255451926
13,24,0.5209392398549169
13,25,0.5559891509549858
13,26,0.3443304710517058
13,27,0.6415579460718066
13,28,0.32143264391672155
13,29,0.42984822528094496
13,30,0.32246005614130724
13,31,0.5778082298489642
13,32,0.4339923386598403
13,33,0.4720615512521236
13,34,0.5349227869665176
13,35,0.445137257891259
13,36,0.44607259463657745
13,37,0.31533321418923715
13,38,0.4442612073548317
13,39,0.37719475076234366
13,40,0.43213085369756027
13,41,0.4317453870933292
13,42,0.5756073168498292
13,43,0.41485820032222637
13,44,0.3500562523462113
13,46,0.573778946545528
13,47,0.4795308713424032
13,48,0.4202451747926601
13,49,0.5125546228222482
13,51,0.5450338264325163
13,52,0.47334145015873624
13,54,0.5645939218718761
13,56,0.36147681571193646
13,57,0.507718120129817
13,58,0.5671618451629531
13,59,0.4037403099721024
14,16,0.3131338439120761
14,17,0.4247254434336817
14,18,0.3912365053088043
14,20,0.4814466719475035
14,22,0.4288453056101221
14,23,0.4287416987181087
14,25,0.4406962399640232
14,27,0.3112749366060004
14,31,0.3244350373616404
14,32,0.4226019443778049
14,34,0.4321853147238187
14,35,0.34186490308944006
14,36,0.43973799503830446
14,38,0.46783796368520064
14,42,0.3418400385884155
14,44,0.3677145609527352
14,45,0.37284659012096955
14,46,0.4496375028348889
14,47,0.3350568125015696
14,48,0.5033635003584064
14,51,0.38024747169745265
14,52,0.35046729880448285
14,54,0.4585982194903271
14,57,0.3041263444727312
14,58,0.37264202954057163
14,59,0.43669205356270596
15,16,0.34828596626603653
15,17,0.6651192434854851
15,23,0.37985875824640136
15,24,0.34150666431507476
15,25,0.35755005850204974
15,26,0.3647832056636551
15,27,0.3934331097634702
15,28,0.3194272539649356
15,29,0.3097295833775223
15,30,0.3585688043935546
15,31,0.36640485669437506
15,33,0.32932477369231467
15,34,0.3280563369981006
15,35,0.3702458958786206
15,36,0.342092866474582
15,37,0.3596610965064485
15,39,0.3077167040098913
15,42,0.41671066562961717
15,44,0.44644464712026005
15,45,0.32846438445427617
15,46,0.4028018997382513
15,47,0.40293598365922323
15,51,0.3297626577993355
15,52,0.4140813235281388
15,56,0.38490382091310626
15,57,0.4053263861761009
15,59,0.4886360733970045
16,17,0.49512386729999064
16,18,0.6267755537586712
16,19,0.39475461979929194
16,20,0.5018688405570189
16,22,0.5629552214185946
16,23,0.4904606589265169
16,24,0.3773369242480564
16,25,0.5491552296276176
16,26,0.33269693219700996
16,27,0.6940352568621632
16,29,0.5979418642148009
16,30,0.3442509622427394
16,31,0.5519965405906709
16,32,0.5784184164601655
16,33,0.5089167039462745
16,34,0.6491474164447515
16,35,0.4792520018039583
16,36,0.5990421911569817
16,37,0.39914589251167754
16,38,0.5710569984127399
16,39,0.30426060807500005
16,40,0.4332632676249206
16,42,0.48725793295150044
16,43,0.33888443694779347
16,44,0.5145313712359276
16,45,0.4539131087787056
16,46,0.6575388411008721
16,47,0.5206956943661922
16,48,0.4754863393658235
16,49,0.4240674211506003
16,51,0.5276334509088674
16,52,0.5514582989479813
16,53,0.3016561364005049
16,54,0.5388852346730647
16,56,0.5785554042117659
16,57,0.5219690353457838
16,58,0.6111343007690088
16,59,0.44648734307093463
17,18,0.3950626096284719
17,19,0.3637230261540724
17,20,0.5054567924203873
17,21,0.3591118705368417
17,22,0.5556954944009611
17,23,0.562194098118307
17,24,0.34170869846202245
17,25,0.4848987746255988
17,26,0.3302560163753786
17,27,0.5700751869149302
17,28,0.35895065688723765
17,29,0.5893181245281589
17,31,0.5769777957749092
17,32,0.4634347381426646
17,33,0.44555856083822054
17,34,0.4670922801333777
17,35,0.36893619167028024
17,36,0.5014709694718434
17,38,0.4793053134909613
17,39,0.30302510258228255
17,40,0.31859336219131423
17,42,0.5184143854937304
17,43,0.33386131075057185
17,44,0.5125037007772816
17,45,0.3645161868975699
17,46,0.5236525882016273
17,47,0.5090954926675119
17,48,0.3448443907163408
17,49,0.40076331988324143
17,51,0.5384219423210389
17,52,0.5439404449698617
17,54,0.5095921871109781
17,56,0.4860819692015874
17,57,0.5165318697031437
17,58,0.4200942047544951
17,59,0.5278633741337292
18,19,0.4207616945648784
18,20,0.7186112315847524
18,21,0.35612966488816655
18,22,0.5142948402950374
18,23,0.4931584150390362
18,24,0.4117710067597567
18,25,0.5306190180695121
18,27,0.5259851645875486
18,28,0.318482226723956
18,29,0.5311002146533115
18,30,0.47856610332978194
18,31,0.6223488003944362
18,32,0.4493086652444979
18,33,0.43589232915051535
18,34,0.5557188752379896
18,35,0.4929910309498721
18,36,0.5248536938205567
18,38,0.5261315083141169
18,39,0.3365529758464666
18,40,0.49374662629604155
18,42,0.5619327490465701
18,43,0.4033054686973939
18,44,0.4292041033071723
18,45,0.47507716284921353
18,46,0.6357109010332119
18,47,0.6532764080923197
18,48,0.624611724630102
18,49,0.5292961826768805
18,50,0.31270700132610674
18,51,0.5946587358738866
18,52,0.5898438765733758
18,53,0.3170053223694929
18,54,0.6583350540653694
18,55,0.4000914610230249
18,56,0.45326272660441436
18,57,0.7017919894874908
18,58,0.7139285212826603
18,59,0.5481427108610044
19,20,0.4031475973029782
19,21,0.34446185840871624
19,22,0.33360914367565686
19,23,0.47371856570610055
19,24,0.6615094528901521
19,25,0.5436503768721086
19,26,0.3397364477845837
19,28,0.44959308513635715
19,29,0.38294549479875417
19,31,0.5318913809878745
19,33,0.4607662869509449
19,34,0.3998864735542457
19,35,0.5764989885122805
19,36,0.33215168967622133
19,37,0.40087875987226096
19,38,0.33344912354602696
19,39,0.7311931453148375
19,40,0.5423644903956951
19,41,0.4124059699118878
19,42,0.4565422836075623
19,43,0.4268612989790541
19,45,0.3822012574857602
19,46,0.4643584361768153
19,47,0.41764268442020197
19,48,0.39415572623739936
19,49,0.31982126465096233
19,50,0.3083408278214905
19,51,0.382536142097529
19,52,0.4509373904726663
19,53,0.37046892792668534
19,55,0.35896884701335163
19,56,0.3785974382171894
19,57,0.5157067663533633
19,58,0.35000959669516857
20,21,0.33808903288749703
20,22,0.46299796764079504
20,23,0.49593906498796103
20,24,0.3707089094668216
20,25,0.4229957478627356
20,27,0.4733314210292065
20,28,0.34760259118675796
20,29,0.49480192863533834
20,30,0.3365629968545902
20,31,0.5413790886526484
20,32,0.49431041247411217
20,33,0.4398427282400643
20,34,0.5706569736886056
20,35,0.4250365608242324
20,36,0.5232335128058635
20,38,0.5199166185540776
20,40,0.40601788167409436
20,42,0.462501606833914
20,43,0.38202686574574096
20,44,0.4209630435836682
20,45,0.4381718892194794
20,46,0.5931331900480792
20,47,0.6272113343632408
20,48,0.5323372913383491
20,49,0.5186052645765498
20,51,0.5656627345831368
20,52,0.5140928377538757
20,54,0.5264219498834078
20,55,0.300056054692172
20,56,0.4326852629837875
20,57,0.57447012431042
20,58,0.5171970285723616
20,59,0.47982127318409884
21,25,0.3418916462629274
21,29,0.4338060004213239
21,34,0.3397050020748873
21,35,0.3130090501195888
21,39,0.3237271854402847
21,40,0.3037719231922094
21,43,0.3202216801926105
21,47,0.4558379935847406
21,52,0.3297274776307088
21,54,0.3237025438023835
21,55,0.32441041295834633
21,57,0.42993196753113005
21,58,0.43070642655287505
22,23,0.3861248262258941
22,25,0.48022114092093154
22,26,0.33500015873147715
22,27,0.6017328895771805
22,29,0.40126119501647356
22,30,0.31672371811941485
22,31,0.5932987705927515
22,32,0.5455583116475256
22,33,0.3993832538381315
22,34,0.5289467007649575
22,35,0.3111083097999423
22,36,0.5513662902549736
22,38,0.5369646559080965
22,42,0.5160459486687746
22,43,0.3220670993549133
22,44,0.39147151212829673
22,45,0.39683792877033824
22,46,0.6159586149024898
22,47,0.5808167875368936
22,48,0.5205259483790571
22,49,0.4561286916423783
22,51,0.6013705303387252
22,52,0.5804793593324371
22,53,0.3947913083161127
22,54,0.7232339167287215
22,56,0.37753119706760585
22,57,0.46592747016958
22,58,0.6367470156045252
22,59,0.4183225921113219
23,24,0.3687561588935146
23,25,0.531545095071472
23,27,0.42985529433872727
23,28,0.35237648121005183
23,29,0.40147272672782963
23,30,0.374523467402543
23,31,0.476398183733221
23,32,0.43637836078744874
23,33,0.3698738114467588
23,34,0.4315192556000552
23,35,0.5680435765107049
23,36,0.490710387086725
23,37,0.33534174581085646
23,38,0.4428159913227412
23,39,0.34543197130963765
23,40,0.4297384059597498
23,42,0.4473370262509131
23,43,0.392318537731556
23,44,0.47891477735602833
23,45,0.3991127240124842
23,46,0.5652236643476208
23,47,0.4316348773790355
23,48,0.4203232086655336
23,49,0.3699091076273561
23,50,0.3684470771569839
23,51,0.4874494304481408
23,52,0.436636169488789
23,54,0.40113463016200107
23,56,0.3487848050645539
23,57,0.4571932303766706
23,58,0.4314860212900646
23,59,0.35133106889143717
24,25,0.45067777524219926
24,27,0.40770684101781524
24,28,0.41984893641106374
24,29,0.41709629523868347
24,30,0.3178506045254213
24,31,0.39566352156053564
24,33,0.40718693119835137
24,34,0.35011587178588266
24,35,0.5115075437885344
24,37,0.3533158113261867
24,39,0.6950940271282603
24,40,0.42652651027835026
24,41,0.6799493882739394
24,42,0.37059676658577717
24,43,0.3468683658841223
24,46,0.3660840703153847
24,47,0.34180715525013095
24,49,0.313479913062606
24,51,0.34178617246235454
24,52,0.4204738431762937
24,55,0.30220817720959225
24,56,0.38193938332604654
24,57,0.43404773509115757
24,59,0.3970675416561156
25,26,0.4827208544317792
25,27,0.5792480506869919
25,28,0.3281872969490071
25,29,0.5338005222695508
25,30,0.38915308665542514
25,31,0.5176906877517177
25,32,0.501444791050178
25,33,0.6396410158696825
25,34,0.5796485831263319
25,35,0.664368011211829
25,36,0.5480980844548304
25,37,0.41551678876366854
25,38,0.5411401030924191
25,39,0.6420100479399966
25,40,0.4928486671966911
25,42,0.5845221323443593
25,43,0.42230921196202503
25,44,0.4630511426432627
25,45,0.4733101611488648
25,46,0.6684048862791705
25,47,0.42330957734138236
25,48,0.3819248145318031
25,49,0.31150012952858225
25,51,0.4992564801126726
25,52,0.6004459855632199
25,54,0.5171023422860601
25,57,0.5084242757858056
25,58,0.6191597956064322
25,59,0.4840289017594418
26,27,0.48830912403565746
26,28,0.6438537662104271
26,30,0.3370347407046408
26,31,0.51486470020754
26,32,0.4678663416525206
26,33,0.6003166439223889
26,34,0.4319585502776351
26,35,0.4612841189165766
26,36,0.41771049314661995
26,37,0.33498652276346685
26,38,0.3408434534465031
26,39,0.3435078432080792
26,40,0.45623631992363634
26,42,0.41818717892817503
26,43,0.38059644319876196
26,44,0.3865267386382485
26,45,0.3019680867598694
26,46,0.4887603518075505
26,47,0.30437954845314735
26,48,0.3274850037149871
26,49,0.3185395206985481
26,51,0.4953955533174133
26,52,0.4285784402592307
26,56,0.3226814464911049
26,57,0.49020691827324286
27,28,0.31914800701100954
27,29,0.4563483689480153
27,30,0.5144028863664423
27,31,0.6425123363721201
27,32,0.6200041593669745
27,33,0.5475328608858819
27,34,0.6538248611444837
27,35,0.5524264221916492
27,36,0.6301981925068635
27,37,0.3275957406334713
27,38,0.558025652531187
27,40,0.4221435206144844
27,41,0.3777332460023285
27,42,0.6408504677955578
27,43,0.4509898232331131
27,44,0.6089095263699544
27,45,0.30011847620404286
27,46,0.7146677377084861
27,47,0.5355894877742466
27,48,0.43781684892685624
27,49,0.49329468075371596
27,51,0.6732130967418694
27,52,0.64185908075565
27,54,0.6249008574328684
27,56,0.5426032238675742
27,57,0.47741628311285683
27,58,0.5851101158732395
27,59,0.45475173242276673
28,29,0.3382843452630386
28,31,0.5135353102133233
28,32,0.3200418733246621
28,33,0.44917452393665375
28,35,0.4564650485272742
28,37,0.4859607113935089
28,39,0.4023727180066699
28,40,0.5036729171223179
28,42,0.4754826125567433
28,43,0.5537115852547517
28,46,0.3464280315003442
28,48,0.3216492297745187
28,51,0.38953885405983996
28,55,0.3826163564098188
28,56,0.33075243201369336
28,57,0.42534918032413965
29,31,0.47495720279578346
29,32,0.3659091832259731
29,33,0.42574253389119254
29,34,0.4218373025477111
29,35,0.5353370668929722
29,36,0.4116903964172293
29,37,0.3634709453930244
29,38,0.39135940821637605
29,39,0.4652585278474667
29,40,0.47538482014797784
29,42,0.32878896927112844
29,43,0.41529825659515135
29,44,0.39261160784362026
29,45,0.4576845483538146
29,46,0.43766693850749927
29,47,0.4116031124829156
29,48,0.3316477933220878
29,49,0.31267279643437684
29,51,0.4172625250776906
29,52,0.45992564782249046
29,54,0.47117233103786654
29,55,0.40969610706414405
29,56,0.321966320407439
29,57,0.47869777234841177
29,58,0.46199362871484595
29,59,0.42357437107404544
30,31,0.43965276274282866
30,32,0.39786444222385076
30,33,0.39841717771252727
30,34,0.40751181674616915
30,35,0.48820663178115625
30,36,0.4586204974655913
30,37,0.3053491586003949
30,38,0.3899089025487899
30,40,0.30782225104474054
30,42,0.4971437070365688
30,43,0.40844145840200763
30,44,0.44345465544246226
30,45,0.39027307495617203
30,46,0.49936240635523527
30,47,0.49975232567442135
30,48,0.436978891999817
30,49,0.3577935897638134
30,50,0.31319446879278
30,51,0.4858930530221045
30,52,0.5840042801627613
30,54,0.4611417567082329
30,56,0.3172366051939724
30,57,0.46623110075264174
30,58,0.5285679684474793
30,59,0.31556701466499687
31,32,0.5573768944109703
31,33,0.5813911412547341
31,34,0.5462945025374293
31,35,0.5756271410773219
31,36,0.5584231027764984
31,37,0.5232197610288477
31,38,0.505150265674751
31,39,0.4100084790600245
31,40,0.6359317986178643
31,42,0.6525235996179443
31,43,0.5434280518371645
31,44,0.48512610185991656
31,45,0.3773816231051904
31,46,0.634862207031597
31,47,0.5844159309309515
31,48,0.5520416454785931
31,49,0.452382203502081
31,51,0.5909731091902727
31,52,0.5670414775445991
31,54,0.5093996869776405
31,56,0.4753250654546931
31,57,0.5829298533041719
31,58,0.5166946468694628
31,59,0.45051246540504875
32,33,0.516880405899113
32,34,0.8315047942175371
32,35,0.5545879479702669
32,36,0.930535862632638
32,37,0.3703165218700407
32,38,0.896828520734356
32,40,0.5885075408042733
32,42,0.5135847714701808
32,43,0.38092561971104155
32,44,0.8355609072924084
32,45,0.6627442067103568
32,46,0.8191870494904695
32,47,0.5721806433402709
32,48,0.5264896281267339
32,49,0.512038064601409
32,50,0.33010360355478596
32,51,0.7195895044053593
32,52,0.5971154104766186
32,54,0.6410831601746998
32,56,0.4727124194862277
32,57,0.435665531457254
32,58,0.6683699284517389
32,59,0.4657461915930194
33,34,0.5352666474024107
33,35,0.5786277024151055
33,36,0.4721983507274474
33,37,0.47877613659008345
33,38,0.4634740512997507
33,39,0.4635309112483567
33,40,0.5675308515855482
33,42,0.5213770277684042
33,43,0.4188534911476701
33,44,0.409354108831506
33,45,0.34102916725556215
33,46,0.5681442364205472
33,47,0.41413901312079027
33,48,0.3326422208732353
33,49,0.3745597467455661
33,51,0.57887486209456
33,52,0.5559184601440328
33,56,0.39639823170651706
33,57,0.5205577105256427
33,58,0.5034714362361667
33,59,0.32330786991692234
34,35,0.6071441029131541
34,36,0.8636042938161793
34,37,0.4534536769329982
34,38,0.8842954057908547
34,39,0.3733050151339883
34,40,0.646552493315494
34,42,0.6205505432701761
34,43,0.41350106517888124
34,44,0.6949700499923785
34,45,0.649237787342855
34,46,0.8479546375870615
34,47,0.71367794461593
34,48,0.5584212913614678
34,49,0.6309164741169915
34,50,0.32125887979221945
34,51,0.7612068297872526
34,52,0.6585986767841516
34,53,0.3628442361573309
34,54,0.6520283242604124
34,56,0.553485055069797
34,57,0.5728544180048055
34,58,0.7074992283132451
34,59,0.5594391030169977
35,36,0.5943309592136746
35,37,0.618558947054979
35,38,0.5460546991871403
35,39,0.6319647062852226
35,40,0.7202794999360203
35,42,0.5549572765564249
35,43,0.5512451618407023
35,44,0.5347013783154694
35,45,0.4969258379424143
35,46,0.6699343766935687
35,47,0.5407308550069847
35,48,0.4680278975177965
35,49,0.45925877173259283
35,51,0.6237345083567034
35,52,0.6473931535190045
35,53,0.3034926297345783
35,54,0.4438226567955393
35,56,0.47882301230436763
35,57,0.469616724487116
35,58,0.5562622610369762
35,59,0.4545735555116151
36,37,0.38275203643479355
36,38,0.9151721250746179
36,40,0.6006080135287039
36,42,0.5998187411882407
36,43,0.4085579699038441
36,44,0.8686567734310185
36,45,0.7720179343322049
36,46,0.8766618654063412
36,47,0.684953740773343
36,48,0.6125102228650361
36,49,0.5763017750215164
36,50,0.4140097949639716
36,51,0.7565213249034108
36,52,0.623895863511442
36,53,0.38697231976630814
36,54,0.6865453217672267
36,56,0.5560168031536481
36,57,0.48021013771606974
36,58,0.6792577131938234
36,59,0.5596637688159589
37,38,0.3234647358247157
37,39,0.36605021096383694
37,40,0.612598344593179
37,42,0.505061775632476
37,43,0.39542861120835865
37,45,0.3203977217894739
37,46,0.40437365922432156
37,47,0.3365817454551616
37,48,0.31716169196075505
37,51,0.421448022368707
37,52,0.40654434024765457
37,56,0.3524556428357273
37,57,0.3177308693262974
37,58,0.3759288033423034
38,40,0.5862148305113729
38,42,0.6093187837245418
38,43,0.3868237771449838
38,44,0.7644072062799785
38,45,0.746007020654834
38,46,0.8547896597204159
38,47,0.6629428975314058
38,48,0.5777502901345718
38,49,0.582896225457843
38,50,0.408698336463725
38,51,0.7550097374541257
38,52,0.6049076074130831
38,53,0.3538926287421598
38,54,0.7200647803803352
38,56,0.512153042140268
38,57,0.5129354670020285
38,58,0.7022966777497713
38,59,0.49135329529889166
39,40,0.5172695329481396
39,41,0.4094538654252428
39,42,0.3886756250813333
39,43,0.36615932994356654
39,46,0.3840632778918546
39,47,0.3146730775377811
39,52,0.5324067049878832
39,55,0.40564234739651744
39,57,0.4562740506931252
39,58,0.3654241263741279
39,59,0.34228884554246636
40,42,0.47294455227764615
40,43,0.5092625696800518
40,44,0.5030351778790781
40,45,0.5356139748687639
40,46,0.6049710590948576
40,47,0.46479628448698534
40,48,0.42600157598277516
40,49,0.41251020463144317
40,50,0.3445408523258417
40,51,0.6422784589703109
40,52,0.4802849673275309
40,53,0.31547462334515614
40,54,0.35571260130675414
40,56,0.4536641567810343
40,57,0.4974742866767866
40,58,0.4874794169533939
40,59,0.4341577008965301
41,45,0.38265355905245063
42,43,0.5623793932292848
42,44,0.48869880235491453
42,45,0.4519451456050941
42,46,0.7057933299923
42,47,0.6392528091339117
42,48,0.5638267680957465
42,49,0.5688826353095243
42,51,0.7211581681843195
42,52,0.5851132439388091
42,53,0.3643013589771009
42,54,0.5617853860888414
42,56,0.5259764804555211
42,57,0.5072994108651322
42,58,0.5840755712673534
42,59,0.45114414370982886
43,44,0.3676557563309344
43,45,0.34525363963904865
43,46,0.4852823738880801
43,47,0.4622940987381064
43,48,0.3706023215472736
43,49,0.3492157548916325
43,51,0.5621945553136529
43,52,0.5484522588730294
43,54,0.3692170352167544
43,56,0.33120778900756326
43,57,0.494450857359209
43,58,0.4344404477648345
44,45,0.642281363634906
44,46,0.795079659568453
44,47,0.5173808099835577
44,48,0.4260986645979082
44,49,0.4531746235047801
44,50,0.35385979929778694
44,51,0.6938209789936719
44,52,0.48718953537914644
44,54,0.5175957259745421
44,56,0.5078903076630591
44,57,0.3587710821903013
44,58,0.5230813867357746
44,59,0.4394279764664266
45,46,0.6923004921764098
45,47,0.5669988211461267
45,48,0.48887977839572405
45,49,0.4805900907178831
45,50,0.4601305260503647
45,51,0.5691335076670899
45,52,0.44873827128031035
45,53,0.4031994297239117
45,54,0.5393003425422007
45,56,0.41746736098085463
45,57,0.38310467124142905
45,58,0.547706993387961
45,59,0.4770017427882894
46,47,0.7634950884255401
46,48,0.6402175751621035
46,49,0.6636018696070058
46,50,0.43290851264075975
46,51,0.8406173731840293
46,52,0.6943448363616819
46,53,0.3809289478996229
46,54,0.6726106452471982
46,56,0.6383623872501666
46,57,0.5622080869514423
46,58,0.7137907788814628
46,59,0.5332709763220268
47,48,0.6830890126936672
47,49,0.8252197582355598
47,50,0.3140455945252241
47,51,0.7427770976760248
47,52,0.7155213132814738
47,53,0.5834690944595846
47,54,0.6370886470978352
47,56,0.6806524784784284
47,57,0.6319905003466604
47,58,0.695335443209475
47,59,0.6727482918900128
48,49,0.5309601615245667
48,50,0.31679268598997323
48,51,0.6283894020099206
48,52,0.5824457200694617
48,53,0.36803273258239677
48,54,0.5679202316772662
48,56,0.5987539593502389
48,57,0.5592012431189044
48,58,0.5454548790464223
48,59,0.6054815827390464
49,51,0.7211698870521365
49,52,0.5275880110507704
49,53,0.43361178637447917
49,54,0.5608435648489298
49,56,0.6964694953820821
49,57,0.4695616234932351
49,58,0.5879033849304657
49,59,0.4488476301365255
50,51,0.4060567120215504
50,59,0.3017199238621702
51,52,0.6994311442038053
51,53,0.42527808215926977
51,54,0.652249885687329
51,56,0.6446980279007609
51,57,0.5403764231983487
51,58,0.7026383034029062
51,59,0.5243774146674155
52,53,0.3765911560199938
52,54,0.669683293681658
52,56,0.4910219992001248
52,57,0.6389312642170919
52,58,0.7635382350535298
52,59,0.6201445684062017
53,54,0.39401963562688536
53,56,0.34011554792902665
53,58,0.5033953206090508
53,59,0.41865973647622134
54,56,0.3718450867180563
54,57,0.5010708667179619
54,58,0.8503097409726799
54,59,0.5210245527035513
55,57,0.36836417968767593
56,57,0.4704325934513212
56,58,0.41713147900204495
56,59,0.44362086621316205
57,58,0.5997337356355927
57,59,0.5506081618632983
58,59,0.545960036161199
